,date,state,fips,cases,deaths,population,virus % per state
0,2020-07-11,Alabama,1,51947,1114,4903185,1.0594542119051187
1,2020-07-11,Alaska,2,1656,15,731545,0.22637021645968464
2,2020-07-11,Arizona,4,119991,2158,7278717,1.6485185507281022
3,2020-07-11,Arkansas,5,27864,319,3017825,0.9233139761251894
4,2020-07-11,California,6,320030,7012,39512223,0.8099518976697414
5,2020-07-11,Colorado,8,36633,1725,5758736,0.6361291783474707
6,2020-07-11,Connecticut,9,47287,4348,3565287,1.326316787400285
7,2020-07-11,Delaware,10,12743,517,973764,1.3086333033466016
8,2020-07-11,Florida,12,254503,4196,21477737,1.1849618979876697
9,2020-07-11,Georgia,13,106574,2946,10617423,1.0037652262700658
10,2020-07-11,Hawaii,15,1181,19,1415872,0.0834114948243909
11,2020-07-11,Idaho,16,10584,102,1787065,0.5922560175483265
12,2020-07-11,Illinois,17,154523,7372,12671821,1.219422212482326
13,2020-07-11,Indiana,18,52358,2756,6732219,0.7777227686740434
14,2020-07-11,Iowa,19,34695,748,3155070,1.0996586446576462
15,2020-07-11,Kansas,20,18983,294,2913314,0.6515947130999267
16,2020-07-11,Kentucky,21,19530,647,4467673,0.4371403189087473
17,2020-07-11,Louisiana,22,76911,3403,4648794,1.6544290841882863
18,2020-07-11,Maine,23,3520,112,1344212,0.26186345606199024
19,2020-07-11,Maryland,24,73060,3310,6045680,1.208466210583425
20,2020-07-11,Massachusetts,25,111398,8310,6949503,1.602963550055306
21,2020-07-11,Michigan,26,76499,6316,9986857,0.7659967495279045
22,2020-07-11,Minnesota,27,41609,1537,5639632,0.7377963668551423
23,2020-07-11,Mississippi,28,35419,1230,2976149,1.1900949851637133
24,2020-07-11,Missouri,29,28649,1112,6137428,0.466791626720509
25,2020-07-11,Montana,30,1677,29,1068778,0.15690816989122156
26,2020-07-11,Nebraska,31,21035,296,1934408,1.0874127898561214
27,2020-07-11,Nevada,32,26912,592,3080156,0.8737219803152828
28,2020-07-11,New Hampshire,33,6024,391,1359711,0.44303532147640196
29,2020-07-11,New Jersey,34,176906,15525,8882190,1.9916934900064063
30,2020-07-11,New Mexico,35,14773,543,2096829,0.7045400459455683
31,2020-07-11,New York,36,405724,32019,19453561,2.0856027336074874
32,2020-07-11,North Carolina,37,84087,1519,10488084,0.8017384300125743
33,2020-07-11,North Dakota,38,4247,91,762062,0.557303736441392
34,2020-07-11,Ohio,39,64214,3036,11689100,0.5493493938797683
35,2020-07-11,Oklahoma,40,19779,421,3956971,0.4998520332850556
36,2020-07-11,Oregon,41,11851,235,4217737,0.28098006110859924
37,2020-07-11,Pennsylvania,42,99252,6945,12801989,0.7752857778584249
38,2020-07-11,Rhode Island,44,17312,976,1059361,1.63419268785617
39,2020-07-11,South Carolina,45,54699,951,5148714,1.062381790870497
40,2020-07-11,South Dakota,46,7454,109,884659,0.8425845438750976
41,2020-07-11,Tennessee,47,59981,728,6833174,0.8777911992289382
42,2020-07-11,Texas,48,258280,3206,28995881,0.8907472064739127
43,2020-07-11,Utah,49,29071,212,3205958,0.9067804381716791
44,2020-07-11,Vermont,50,1283,56,623989,0.2056125989400454
45,2020-07-11,Virginia,51,69782,1962,8535519,0.817548411526001
46,2020-07-11,Washington,53,41319,1426,7614893,0.5426077556178399
47,2020-07-11,West Virginia,54,4146,96,1792147,0.23134262981775489
48,2020-07-11,Wisconsin,55,39095,829,5822434,0.6714545841137916
49,2020-07-11,Wyoming,56,1839,21,578759,0.3177488384629872
